0
0
0
20
30
10
33
38
17
35
43
17
38
48
20
40
51
30
45
56
30
48
61
40
51
63
51
53
66
51
56
68
58
61
71
61
61
73
63
61
73
68
63
79
68
63
81
71
68
81
71
71
84
73
71
86
76
71
89
81
73
89
81
76
91
84
79
91
84
79
94
86
81
96
86
81
96
86
84
99
91
86
99
94
86
102
94
89
104
96
89
104
96
91
107
99
91
107
99
91
109
99
91
109
102
94
112
102
96
112
104
96
114
104
96
114
107
99
114
109
99
117
109
102
117
112
102
119
112
104
122
112
104
122
114
107
122
117
107
124
117
107
124
117
107
127
124
109
127
124
112
127
124
112
130
124
112
130
124
114
132
124
114
132
124
114
132
127
114
135
127
117
135
130
117
137
132
119
137
132
119
140
135
122
140
135
122
140
135
122
140
135
122
142
135
122
142
135
124
142
140
124
145
140
124
145
140
127
147
140
127
147
140
127
147
140
130
147
142
130
147
142
130
150
145
132
153
145
132
153
147
132
153
147
132
153
147
135
155
147
135
155
150
135
155
150
135
158
150
137
158
150
137
158
153
140
160
153
140
160
153
140
163
153
140
163
155
140
163
155
142
163
158
142
163
158
142
165
158
142
165
160
142
165
163
145
165
163
145
168
163
145
168
163
147
168
163
147
170
165
147
170
165
147
170
165
147
170
165
150
170
165
150
173
168
153
173
168
153
173
170
153
175
170
153
175
173
153
175
173
153
178
173
153
178
173
155
178
175
155
178
175
158
181
175
158
181
175
158
181
175
158
183
175
158
183
175
160
183
175
160
183
181
160
186
181
163
186
181
163
186
181
163
186
183
163
186
183
163
188
183
165
188
183
165
188
183
165
191
186
165
191
186
165
191
186
168
191
186
168
193
186
168
193
186
168
193
188
170
193
188
170
193
188
170
193
188
170
196
191
170
196
191
170
196
191
173
198
193
173
198
193
173
198
193
173
198
196
173
198
196
173
198
196
175
201
196
175
201
196
175
201
196
175
204
196
178
204
198
178
204
198
178
204
201
178
204
201
178
204
201
178
206
201
181
206
201
181
206
201
181
209
204
181
209
204
183
209
204
183
209
206
183
209
206
183
209
206
186
211
209
186
211
209
186
211
209
186
211
209
186
214
209
188
214
209
188
214
211
188
214
211
188
214
211
188
214
211
188
214
211
191
216
211
191
216
211
191
216
214
191
216
214
191
216
214
191
219
216
193
219
216
193
219
216
193
219
216
193
221
216
193
221
216
193
221
216
193
221
219
193
221
219
196
221
219
196
224
219
196
224
219
196
224
219
198
224
221
198
226
221
198
226
221
198
226
221
198
226
224
198
226
224
198
226
224
198
226
224
204
229
226
204
229
226
204
229
226
204
229
226
204
232
226
204
232
226
204
232
226
204
232
229
204
232
229
204
232
229
204
232
232
206
234
232
206
234
232
206
234
232
206
234
232
209
237
234
209
237
234
209
237
234
209
237
234
209
237
237
209
237
237
209
239
237
211
239
237
211
239
237
211
239
237
211
239
237
211
239
237
211
242
237
214
242
237
214
242
242
214
242
242
214
242
242
214
244
242
214
244
242
216
244
242
216
244
242
216
244
242
216
244
242
216
244
244
216
244
244
216
244
244
216
247
244
216
247
244
219
247
244
219
247
244
219
249
244
219
249
247
219
249
247
219
249
249
219
249
249
221
249
252
221
255
255
239
255
255
